-166.519952 137.079954 -430.559921
-169.279966 137.999880 -431.479740
-170.199943 136.159968 -429.639864
-167.439880 137.999880 -433.319712
-170.199943 138.919985 -427.799940
-169.279966 138.919985 -433.319712
-170.199943 137.079954 -429.639864
-168.359861 137.999880 -433.319712
-168.359861 137.999880 -430.559921
-168.359861 137.999880 -433.319712
-170.199943 135.239863 -430.559921
-171.119871 137.999880 -432.399893
-168.359861 137.999880 -431.479740
-170.199943 138.919985 -432.399893
-169.279966 139.839959 -436.079693
-170.199943 139.839959 -433.319712
-169.279966 137.079954 -435.159922
-171.119871 138.919985 -432.399893
-168.359861 138.919985 -433.319712
-169.279966 137.999880 -432.399893
-168.359861 138.919985 -435.159922
-169.279966 137.999880 -433.319712
-168.359861 137.999880 -434.239721
-170.199943 137.079954 -431.479740
-170.199943 137.079954 -434.239721
-169.279966 137.079954 -430.559921
-172.039852 136.159968 -431.479740
-171.119871 136.159968 -433.319712
-172.039852 135.239863 -431.479740
-178.479853 128.799868 -434.239721
-180.319996 124.199975 -431.479740
-188.599854 117.759979 -430.559921
-190.439882 109.479976 -431.479740
-194.119873 105.799985 -434.239721
-195.959959 98.440008 -431.479740
-200.559878 91.079988 -431.479740
-205.159855 77.280002 -432.399893
-208.839965 71.759982 -431.479740
-210.679865 61.640000 -433.319712
-212.519956 59.799991 -432.399893
-214.359856 44.159989 -433.319712
-219.880009 25.759995 -429.639864
-217.119861 23.000000 -432.399893
-219.880009 20.239999 -430.559921
-218.959951 11.039997 -433.319712
-219.880009 9.199997 -430.559921
-219.880009 -1.840000 -433.319712
-221.719837 -3.679999 -430.559921
-218.959951 -22.079995 -431.479740
-218.039846 -23.000000 -430.559921
-217.119861 -34.959991 -431.479740
-217.119861 -33.119996 -429.639864
-212.519956 -51.519990 -430.559921
-213.439989 -52.439990 -434.239721
-211.599851 -52.439990 -430.559921
-209.759951 -62.560000 -432.399893
-206.999874 -64.399996 -431.479740
-204.239869 -76.359987 -434.239721
-202.399969 -79.119997 -432.399893
-194.119873 -93.839998 -434.239721
-196.879997 -98.440008 -431.479740
-188.599854 -107.639980 -434.239721
-184.919853 -112.239993 -431.479740
-184.919853 -114.079988 -430.559921
-172.039852 -132.479978 -432.399893
-171.119871 -133.399963 -431.479740
-169.279966 -132.479978 -431.479740
-169.279966 -134.320009 -433.319712
-150.880003 -153.639946 -430.559921
-146.279964 -158.239865 -429.639864
-137.999880 -166.519952 -432.399893
-135.239863 -169.279966 -430.559921
-127.879977 -173.880005 -432.399893
-122.359979 -181.239872 -430.559921
-104.879975 -189.519958 -434.239721
-91.079988 -194.119873 -434.239721
-90.160007 -195.039854 -435.159922
-80.959997 -197.799864 -433.319712
-75.440001 -203.320003 -433.319712
-58.879991 -207.919860 -435.159922
-56.119995 -207.919860 -432.399893
-63.479996 -206.079960 -435.159922
-63.479996 -207.919860 -431.479740
-62.560000 -206.079960 -435.159922
-61.640000 -206.999874 -433.319712
-62.560000 -207.919860 -434.239721
-64.399996 -209.759951 -431.479740
-60.720000 -209.759951 -433.319712
-61.640000 -207.919860 -433.319712
-61.640000 -207.919860 -433.319712
-59.799991 -207.919860 -433.319712
-51.519990 -209.759951 -434.239721
-45.080004 -210.679865 -436.079693
-39.559999 -212.519956 -433.319712
-28.519998 -213.439989 -436.079693
-19.320001 -217.119861 -432.399893
-12.879997 -215.279961 -436.079693
-4.599998 -216.199946 -436.079693
3.679999 -217.119861 -434.239721
3.679999 -216.199946 -435.159922
5.519999 -215.279961 -436.079693
8.279999 -218.039846 -435.159922
12.879997 -215.279961 -431.479740
19.320001 -216.199946 -435.159922
20.239999 -215.279961 -433.319712
23.920000 -216.199946 -435.159922
30.360000 -216.199946 -433.319712
33.119996 -216.199946 -436.079693
35.879991 -215.279961 -434.239721
36.799989 -215.279961 -435.159922
40.479999 -211.599851 -434.239721
45.999999 -212.519956 -436.079693
48.759995 -215.279961 -433.319712
52.439990 -211.599851 -434.239721
57.959991 -212.519956 -434.239721
59.799991 -209.759951 -434.239721
66.239991 -206.079960 -438.839722
71.759982 -206.999874 -433.319712
75.440001 -204.239869 -436.079693
82.799988 -200.559878 -435.159922
86.479979 -199.639950 -436.999846
96.599979 -198.719969 -432.399893
98.440008 -192.279959 -436.079693
106.719995 -190.439882 -434.239721
108.559990 -188.599854 -437.919807
114.999998 -183.079948 -436.999846
122.359979 -180.319996 -435.159922
127.879977 -175.719967 -436.079693
137.079954 -172.039852 -436.999846
141.679869 -166.519952 -437.919807
149.039974 -160.999870 -435.159922
152.719965 -154.559875 -437.919807
157.319999 -149.039974 -434.239721
155.479860 -147.199955 -436.999846
163.759947 -140.759945 -436.079693
165.599966 -137.999880 -438.839722
169.279966 -135.239863 -437.919807
172.959957 -129.719973 -437.919807
175.719967 -126.039970 -437.919807
179.399958 -118.679989 -439.759874
185.839958 -106.719995 -437.919807
187.679863 -103.959990 -435.159922
190.439882 -98.440008 -436.079693
192.279959 -100.279999 -435.159922
191.359854 -100.279999 -436.999846
191.359854 -99.359989 -435.159922
188.599854 -100.279999 -436.079693
194.119873 -95.679998 -433.319712
197.799864 -86.479979 -436.999846
200.559878 -80.039978 -434.239721
203.320003 -69.000001 -436.999846
206.999874 -57.039995 -435.159922
206.079960 -47.839999 -437.919807
207.919860 -40.479999 -436.079693
207.919860 -34.959991 -437.919807
208.839965 -27.600000 -438.839722
209.759951 -26.680000 -438.839722
207.919860 -20.239999 -438.839722
208.839965 -11.039997 -436.999846
207.919860 -11.039997 -439.759874
207.919860 -1.840000 -437.919807
206.079960 -1.840000 -439.759874
206.999874 4.599998 -436.999846
206.999874 12.879997 -437.919807
204.239869 16.559998 -436.079693
204.239869 23.000000 -437.919807
203.320003 36.799989 -436.999846
200.559878 38.640001 -436.999846
198.719969 45.999999 -436.079693
196.879997 55.200000 -436.999846
194.119873 58.879991 -438.839722
189.519958 69.000001 -435.159922
185.839958 77.280002 -439.759874
184.919853 82.799988 -435.159922
175.719967 95.679998 -439.759874
175.719967 96.599979 -437.919807
166.519952 110.399997 -439.759874
166.519952 111.319971 -436.999846
165.599966 111.319971 -438.839722
165.599966 111.319971 -436.999846
157.319999 126.039970 -434.239721
143.519950 140.759945 -436.079693
137.999880 149.959955 -434.239721
134.320009 147.199955 -436.999846
135.239863 149.959955 -434.239721
126.959991 155.479860 -436.999846
125.119996 157.319999 -435.159922
119.599974 161.919856 -436.079693
115.919983 164.679861 -434.239721
110.399997 168.359861 -436.079693
107.639980 170.199943 -434.239721
99.359989 175.719967 -434.239721
99.359989 174.799862 -435.159922
98.440008 175.719967 -435.159922
91.079988 179.399958 -437.919807
82.799988 187.679863 -435.159922
77.280002 186.759949 -436.079693
80.039978 188.599854 -433.319712
80.039978 186.759949 -436.999846
80.959997 185.839958 -433.319712
79.119997 185.839958 -436.999846
82.799988 187.679863 -434.239721
79.119997 186.759949 -437.919807
81.879978 187.679863 -434.239721
77.280002 187.679863 -434.239721
78.199983 187.679863 -433.319712
71.759982 190.439882 -435.159922
61.640000 193.199940 -434.239721
47.839999 198.719969 -436.079693
35.879991 197.799864 -436.999846
30.360000 202.399969 -434.239721
21.159997 202.399969 -436.999846
10.120000 203.320003 -433.319712
-0.920000 204.239869 -436.079693
-9.199997 206.999874 -434.239721
-11.960000 206.079960 -434.239721
-22.079995 205.159855 -435.159922
-35.879991 204.239869 -436.079693
-43.239989 201.479864 -433.319712
-52.439990 201.479864 -433.319712
-57.039995 196.879997 -435.159922
-67.160006 198.719969 -432.399893
-72.679992 195.959959 -434.239721
-77.280002 195.039854 -434.239721
-83.720007 193.199940 -431.479740
-90.160007 191.359854 -432.399893
-94.759979 188.599854 -434.239721
-100.279999 188.599854 -431.479740
-106.719995 183.079948 -435.159922
-107.639980 182.159977 -431.479740
-114.999998 181.239872 -433.319712
-120.519984 178.479853 -435.159922
-125.119996 172.039852 -434.239721
-127.879977 171.119871 -433.319712
-131.559873 170.199943 -434.239721
